xof 0303txt 0032
template Frame {
 <3d82ab46-62da-11cf-ab39-0020af71e433>
 [...]
}

template Matrix4x4 {
 <f6f23f45-7686-11cf-8f52-0040333594a3>
 array FLOAT matrix[16];
}

template FrameTransformMatrix {
 <f6f23f41-7686-11cf-8f52-0040333594a3>
 Matrix4x4 frameMatrix;
}

template ObjectMatrixComment {
 <95a48e28-7ef4-4419-a16a-ba9dbdf0d2bc>
 Matrix4x4 objectMatrix;
}

template Vector {
 <3d82ab5e-62da-11cf-ab39-0020af71e433>
 FLOAT x;
 FLOAT y;
 FLOAT z;
}

template MeshFace {
 <3d82ab5f-62da-11cf-ab39-0020af71e433>
 DWORD nFaceVertexIndices;
 array DWORD faceVertexIndices[nFaceVertexIndices];
}

template Mesh {
 <3d82ab44-62da-11cf-ab39-0020af71e433>
 DWORD nVertices;
 array Vector vertices[nVertices];
 DWORD nFaces;
 array MeshFace faces[nFaces];
 [...]
}

template MeshNormals {
 <f6f23f43-7686-11cf-8f52-0040333594a3>
 DWORD nNormals;
 array Vector normals[nNormals];
 DWORD nFaceNormals;
 array MeshFace faceNormals[nFaceNormals];
}

template Coords2d {
 <f6f23f44-7686-11cf-8f52-0040333594a3>
 FLOAT u;
 FLOAT v;
}

template MeshTextureCoords {
 <f6f23f40-7686-11cf-8f52-0040333594a3>
 DWORD nTextureCoords;
 array Coords2d textureCoords[nTextureCoords];
}

template ColorRGBA {
 <35ff44e0-6c7c-11cf-8f52-0040333594a3>
 FLOAT red;
 FLOAT green;
 FLOAT blue;
 FLOAT alpha;
}

template ColorRGB {
 <d3e16e81-7835-11cf-8f52-0040333594a3>
 FLOAT red;
 FLOAT green;
 FLOAT blue;
}

template Material {
 <3d82ab4d-62da-11cf-ab39-0020af71e433>
 ColorRGBA faceColor;
 FLOAT power;
 ColorRGB specularColor;
 ColorRGB emissiveColor;
 [...]
}

template MeshMaterialList {
 <f6f23f42-7686-11cf-8f52-0040333594a3>
 DWORD nMaterials;
 DWORD nFaceIndexes;
 array DWORD faceIndexes[nFaceIndexes];
 [Material <3d82ab4d-62da-11cf-ab39-0020af71e433>]
}

template TextureFilename {
 <a42790e1-7810-11cf-8f52-0040333594a3>
 STRING filename;
}

template XSkinMeshHeader {
 <3cf169ce-ff7c-44ab-93c0-f78f62d172e2>
 WORD nMaxSkinWeightsPerVertex;
 WORD nMaxSkinWeightsPerFace;
 WORD nBones;
}

template SkinWeights {
 <6f0d123b-bad2-4167-a0d0-80224f25fabb>
 STRING transformNodeName;
 DWORD nWeights;
 array DWORD vertexIndices[nWeights];
 array FLOAT weights[nWeights];
 Matrix4x4 matrixOffset;
}

template AnimTicksPerSecond {
 <9e415a43-7ba6-4a73-8743-b73d47e88476>
 DWORD AnimTicksPerSecond;
}

template Animation {
 <3d82ab4f-62da-11cf-ab39-0020af71e433>
 [...]
}

template AnimationSet {
 <3d82ab50-62da-11cf-ab39-0020af71e433>
 [Animation <3d82ab4f-62da-11cf-ab39-0020af71e433>]
}

template FloatKeys {
 <10dd46a9-775b-11cf-8f52-0040333594a3>
 DWORD nValues;
 array FLOAT values[nValues];
}

template TimedFloatKeys {
 <f406b180-7b3b-11cf-8f52-0040333594a3>
 DWORD time;
 FloatKeys tfkeys;
}

template AnimationKey {
 <10dd46a8-775b-11cf-8f52-0040333594a3>
 DWORD keyType;
 DWORD nKeys;
 array TimedFloatKeys keys[nKeys];
}


Frame Character1_Reference {
 

 FrameTransformMatrix relative {
  1.000000,0.000000,0.000000,0.000000,0.000000,-0.000000,-1.000000,0.000000,0.000000,1.000000,-0.000000,0.000000,0.000000,0.000000,0.000000,1.000000;;
 }

 ObjectMatrixComment object {
  1.000000,0.000000,0.000000,0.000000,0.000000,1.000000,0.000000,0.000000,0.000000,0.000000,1.000000,0.000000,0.000000,0.000000,0.000000,1.000000;;
 }

 Frame center {
  

  FrameTransformMatrix relative {
   1.000000,0.000000,0.000000,0.000000,0.000000,1.000000,0.000000,0.000000,0.000000,0.000000,1.000000,0.000000,0.000000,-4.916161,41.882106,1.000000;;
  }

  ObjectMatrixComment object {
   1.000000,0.000000,0.000000,0.000000,0.000000,1.000000,0.000000,0.000000,0.000000,0.000000,1.000000,0.000000,0.000000,0.000000,0.000000,1.000000;;
  }

  Frame Character1_Spine {
   

   FrameTransformMatrix relative {
    1.000000,0.000000,0.000000,0.000000,0.000000,1.000000,0.000000,0.000000,0.000000,0.000000,1.000000,0.000000,0.000000,-0.013465,0.075241,1.000000;;
   }

   ObjectMatrixComment object {
    1.000000,0.000000,0.000000,0.000000,0.000000,1.000000,0.000000,0.000000,0.000000,0.000000,1.000000,0.000000,0.000000,0.000000,0.000000,1.000000;;
   }

   Frame Character1_Spine1 {
    

    FrameTransformMatrix relative {
     1.000000,0.000000,0.000000,0.000000,0.000000,1.000000,0.000000,0.000000,0.000000,0.000000,1.000000,0.000000,0.000000,0.000000,4.283531,1.000000;;
    }

    ObjectMatrixComment object {
     1.000000,0.000000,0.000000,0.000000,0.000000,1.000000,0.000000,0.000000,0.000000,0.000000,1.000000,0.000000,0.000000,0.000000,0.000000,1.000000;;
    }

    Frame Character1_Spine2 {
     

     FrameTransformMatrix relative {
      1.000000,0.000000,0.000000,0.000000,0.000000,1.000000,0.000000,0.000000,0.000000,0.000000,1.000000,0.000000,0.000000,0.015314,4.127564,1.000000;;
     }

     ObjectMatrixComment object {
      1.000000,0.000000,0.000000,0.000000,0.000000,1.000000,0.000000,0.000000,0.000000,0.000000,1.000000,0.000000,0.000000,0.000000,0.000000,1.000000;;
     }

     Frame Character1_RightShoulder {
      

      FrameTransformMatrix relative {
       0.956371,-0.023862,0.291178,0.000000,0.023862,0.999709,0.003551,0.000000,-0.291178,0.003552,0.956662,0.000000,-2.673147,4.695330,10.265480,1.000000;;
      }

      ObjectMatrixComment object {
       1.000000,0.000000,0.000000,0.000000,-0.000000,1.000000,0.000000,0.000000,0.000000,0.000000,1.000000,0.000000,0.000001,-0.000000,-0.000004,1.000000;;
      }

      Frame Character1_RightArm {
       

       FrameTransformMatrix relative {
        0.921188,-0.004607,0.389091,0.000000,-0.016774,0.998530,0.051535,0.000000,-0.388756,-0.054000,0.919757,0.000000,-4.694745,-0.030061,0.366837,1.000000;;
       }

       ObjectMatrixComment object {
        1.000000,0.000000,-0.000000,0.000000,-0.000000,1.000000,0.000000,0.000000,-0.000000,0.000000,1.000000,0.000000,0.000000,-0.000000,0.000000,1.000000;;
       }

       Frame Character1_RightForeArm {
        

        FrameTransformMatrix relative {
         0.997419,0.071780,-0.001924,0.000000,-0.071706,0.997084,0.026124,0.000000,0.003794,-0.025918,0.999657,0.000000,-11.878656,0.000000,-0.000042,1.000000;;
        }

        ObjectMatrixComment object {
         1.000000,0.000000,-0.000000,0.000000,0.000000,1.000000,0.000000,0.000000,0.000000,0.000000,1.000000,0.000000,0.000002,0.000000,0.000004,1.000000;;
        }

        Frame Character1_RightHand {
         

         FrameTransformMatrix relative {
          0.999999,-0.000125,-0.001562,0.000000,0.000047,0.998757,-0.049850,0.000000,0.001566,0.049850,0.998756,0.000000,-11.270622,-0.000007,-0.000080,1.000000;;
         }

         ObjectMatrixComment object {
          1.000000,-0.000000,0.000000,0.000000,-0.000000,1.000000,0.000000,0.000000,-0.000000,0.000000,1.000000,0.000000,-0.000004,0.000000,0.000004,1.000000;;
         }

         Frame Character1_RightHandThumb1 {
          

          FrameTransformMatrix relative {
           0.872228,0.485829,0.056471,0.000000,0.000925,-0.117097,0.993120,0.000000,0.489099,-0.866175,-0.102585,0.000000,-1.643692,-1.568382,-1.747288,1.000000;;
          }

          ObjectMatrixComment object {
           1.000000,0.000000,-0.000000,0.000000,0.000000,1.000000,0.000000,0.000000,-0.000000,0.000000,1.000000,0.000000,-0.000001,0.000000,-0.000001,1.000000;;
          }

          Frame Character1_RightHandThumb2 {
           

           FrameTransformMatrix relative {
            0.964297,0.222220,0.144047,0.000000,-0.220084,0.974994,-0.030804,0.000000,-0.147291,-0.001998,0.989091,0.000000,-1.750157,0.000011,-0.000049,1.000000;;
           }

           ObjectMatrixComment object {
            1.000000,0.000000,0.000000,0.000000,0.000000,1.000000,0.000000,0.000000,0.000000,0.000000,1.000000,0.000000,0.000000,0.000004,0.000000,1.000000;;
           }

           Frame Character1_RightHandThumb3 {
            

            FrameTransformMatrix relative {
             0.999273,0.000213,0.038115,0.000000,0.000844,0.999616,-0.027719,0.000000,-0.038106,0.027731,0.998889,0.000000,-1.031609,0.000053,-0.000010,1.000000;;
            }

            ObjectMatrixComment object {
             1.000000,-0.000000,-0.000000,0.000000,0.000000,1.000000,0.000000,0.000000,0.000000,0.000000,1.000000,0.000000,0.000004,0.000004,0.000001,1.000000;;
            }

            Frame Character1_RightHandThumb4 {
             

             FrameTransformMatrix relative {
              1.000000,-0.000000,0.000000,0.000000,0.000001,1.000000,0.000001,0.000000,-0.000000,-0.000001,1.000000,0.000000,-1.242887,-0.000057,0.000021,1.000000;;
             }

             ObjectMatrixComment object {
              1.000000,-0.000000,0.000000,0.000000,0.000000,1.000000,0.000000,0.000000,0.000000,0.000000,1.000000,0.000000,0.000006,0.000000,0.000001,1.000000;;
             }
            }
           }
          }
         }

         Frame Character1_RightHandIndex1 {
          

          FrameTransformMatrix relative {
           0.980302,0.059234,0.188415,0.000000,-0.062462,0.997984,0.011234,0.000000,-0.187370,-0.022781,0.982025,0.000000,-4.697763,-2.218206,0.259846,1.000000;;
          }

          ObjectMatrixComment object {
           1.000000,-0.000000,-0.000000,0.000000,-0.000000,1.000000,0.000000,0.000000,-0.000000,0.000000,1.000000,0.000000,-0.000002,0.000000,-0.000004,1.000000;;
          }

          Frame Character1_RightHandIndex2 {
           

           FrameTransformMatrix relative {
            0.996481,0.014263,-0.082599,0.000000,-0.013294,0.999836,0.012265,0.000000,0.082760,-0.011123,0.996507,0.000000,-1.422738,0.000006,-0.000023,1.000000;;
           }

           ObjectMatrixComment object {
            1.000000,-0.000000,-0.000000,0.000000,0.000000,1.000000,-0.000000,0.000000,-0.000000,-0.000000,1.000000,0.000000,-0.000002,-0.000000,0.000000,1.000000;;
           }

           Frame Character1_RightHandIndex3 {
            

            FrameTransformMatrix relative {
             1.000000,0.000000,0.000000,0.000000,-0.000000,1.000000,-0.000000,0.000000,-0.000000,0.000000,1.000000,0.000000,-1.073610,-0.000009,-0.000011,1.000000;;
            }

            ObjectMatrixComment object {
             1.000000,-0.000000,-0.000000,0.000000,-0.000000,1.000000,-0.000000,0.000000,-0.000000,0.000000,1.000000,0.000000,0.000000,0.000000,-0.000004,1.000000;;
            }
           }
          }
         }

         Frame Character1_RightHandMiddle1 {
          

          FrameTransformMatrix relative {
           0.983649,0.042265,0.175064,0.000000,-0.044201,0.998997,0.007175,0.000000,-0.174585,-0.014796,0.984531,0.000000,-5.140946,-0.634633,0.610695,1.000000;;
          }

          ObjectMatrixComment object {
           1.000000,0.000000,0.000000,0.000000,0.000000,1.000000,-0.000000,0.000000,-0.000000,0.000000,1.000000,0.000000,0.000002,-0.000000,0.000004,1.000000;;
          }

          Frame Character1_RightHandMiddle2 {
           

           FrameTransformMatrix relative {
            0.999192,-0.020678,-0.034474,0.000000,0.020410,0.999759,-0.008103,0.000000,0.034633,0.007393,0.999373,0.000000,-1.678073,-0.000004,0.000008,1.000000;;
           }

           ObjectMatrixComment object {
            1.000000,0.000000,0.000000,0.000000,0.000000,1.000000,-0.000000,0.000000,0.000000,-0.000000,1.000000,0.000000,0.000003,-0.000000,0.000000,1.000000;;
           }

           Frame Character1_RightHandMiddle3 {
            

            FrameTransformMatrix relative {
             1.000000,0.000000,-0.000002,0.000000,-0.000000,1.000000,-0.000000,0.000000,0.000002,0.000000,1.000000,0.000000,-1.280767,0.000006,-0.000095,1.000000;;
            }

            ObjectMatrixComment object {
             1.000000,-0.000000,0.000000,0.000000,0.000000,1.000000,-0.000000,0.000000,-0.000000,0.000000,1.000000,0.000000,-0.000004,-0.000000,-0.000004,1.000000;;
            }
           }
          }
         }

         Frame Character1_RightHandRing1 {
          

          FrameTransformMatrix relative {
           0.997535,-0.009305,0.069548,0.000000,0.009673,0.999941,-0.004951,0.000000,-0.069498,0.005611,0.997566,0.000000,-4.934022,0.888917,0.412548,1.000000;;
          }

          ObjectMatrixComment object {
           1.000000,0.000000,-0.000000,0.000000,0.000000,1.000000,-0.000000,0.000000,-0.000000,-0.000000,1.000000,0.000000,-0.000002,-0.000000,0.000000,1.000000;;
          }

          Frame Character1_RightHandRing2 {
           

           FrameTransformMatrix relative {
            0.999132,-0.023285,0.034548,0.000000,0.023634,0.999673,-0.009743,0.000000,-0.034310,0.010551,0.999356,0.000000,-1.306181,-0.000000,0.000015,1.000000;;
           }

           ObjectMatrixComment object {
            1.000000,0.000000,0.000000,0.000000,-0.000000,1.000000,0.000000,0.000000,0.000000,0.000000,1.000000,0.000000,-0.000001,0.000000,0.000008,1.000000;;
           }

           Frame Character1_RightHandRing3 {
            

            FrameTransformMatrix relative {
             1.000000,0.000000,0.000000,0.000000,-0.000000,1.000000,0.000000,0.000000,-0.000000,-0.000000,1.000000,0.000000,-1.000041,-0.000001,-0.000027,1.000000;;
            }

            ObjectMatrixComment object {
             1.000000,0.000000,0.000000,0.000000,-0.000000,1.000000,0.000000,0.000000,-0.000000,0.000000,1.000000,0.000000,-0.000000,0.000000,-0.000004,1.000000;;
            }
           }
          }
         }

         Frame Character1_RightHandPinky1 {
          

          FrameTransformMatrix relative {
           0.952813,0.070242,0.295319,0.000000,-0.075850,0.997091,0.007560,0.000000,-0.293928,-0.029603,0.955369,0.000000,-4.635406,2.260200,0.095024,1.000000;;
          }

          ObjectMatrixComment object {
           1.000000,0.000000,-0.000000,0.000000,0.000000,1.000000,-0.000000,0.000000,0.000000,0.000000,1.000000,0.000000,0.000000,0.000000,-0.000004,1.000000;;
          }

          Frame Character1_RightHandPinky2 {
           

           FrameTransformMatrix relative {
            0.999057,-0.009384,0.042389,0.000000,0.009732,0.999921,-0.008007,0.000000,-0.042311,0.008412,0.999069,0.000000,-0.959955,0.000008,0.000114,1.000000;;
           }

           ObjectMatrixComment object {
            1.000000,0.000000,-0.000000,0.000000,-0.000000,1.000000,0.000000,0.000000,-0.000000,0.000000,1.000000,0.000000,-0.000004,0.000000,0.000000,1.000000;;
           }

           Frame Character1_RightHandPinky3 {
            

            FrameTransformMatrix relative {
             1.000000,0.000000,0.000001,0.000000,-0.000000,1.000000,-0.000000,0.000000,-0.000001,0.000000,1.000000,0.000000,-0.759222,0.000014,-0.000031,1.000000;;
            }

            ObjectMatrixComment object {
             1.000000,0.000000,0.000000,0.000000,0.000000,1.000000,-0.000000,0.000000,-0.000000,-0.000000,1.000000,0.000000,0.000000,0.000000,-0.000004,1.000000;;
            }
           }
          }
         }
        }

        Frame J_R_Elbow {
         

         FrameTransformMatrix relative {
          0.999355,-0.035888,0.001664,0.000000,0.035907,0.999271,-0.012994,0.000000,-0.001196,0.013046,0.999915,0.000000,0.022076,0.468901,-0.007984,1.000000;;
         }

         ObjectMatrixComment object {
          1.000000,0.000000,0.000000,0.000000,-0.000000,1.000000,-0.000000,0.000000,-0.000000,0.000000,1.000000,0.000000,-0.000004,0.000000,0.000004,1.000000;;
         }
        }

        Frame J_R_ForeArm_00_tw {
         

         FrameTransformMatrix relative {
          1.000000,-0.000053,-0.000782,0.000000,0.000033,0.999689,-0.024933,0.000000,0.000783,0.024933,0.999689,0.000000,-10.890923,0.009293,-0.038044,1.000000;;
         }

         ObjectMatrixComment object {
          1.000000,0.000000,-0.000000,0.000000,0.000000,1.000000,0.000000,0.000000,0.000000,0.000000,1.000000,0.000000,0.000003,-0.000000,0.000011,1.000000;;
         }
        }

        Frame J_R_Sode_A00 {
         

         FrameTransformMatrix relative {
          0.981648,0.189997,-0.016377,0.000000,-0.190222,0.981648,-0.013513,0.000000,0.013509,0.016380,0.999775,0.000000,-1.625395,-4.258907,-0.456371,1.000000;;
         }

         ObjectMatrixComment object {
          1.000000,0.000000,-0.000000,0.000000,0.000000,1.000000,0.000000,0.000000,-0.000000,-0.000000,1.000000,0.000000,-0.000006,0.000000,0.000000,1.000000;;
         }

         Frame J_R_Sode_A01 {
          

          FrameTransformMatrix relative {
           1.000000,0.000000,0.000009,0.000000,-0.000000,1.000000,0.000048,0.000000,-0.000009,-0.000048,1.000000,0.000000,-10.319796,0.000018,-0.000267,1.000000;;
          }

          ObjectMatrixComment object {
           1.000000,0.000000,-0.000000,0.000000,-0.000000,1.000000,0.000000,0.000000,-0.000000,-0.000000,1.000000,0.000000,0.000000,-0.000001,0.000000,1.000000;;
          }
         }
        }

        Frame J_R_Sode_D00 {
         

         FrameTransformMatrix relative {
          0.977195,-0.042446,0.208060,0.000000,0.047001,0.998750,-0.016998,0.000000,-0.207078,0.026389,0.977969,0.000000,-1.545733,0.009039,-3.743225,1.000000;;
         }

         ObjectMatrixComment object {
          1.000000,-0.000000,-0.000000,0.000000,0.000000,1.000000,-0.000000,0.000000,0.000000,-0.000000,1.000000,0.000000,0.000004,-0.000000,-0.000008,1.000000;;
         }

         Frame J_R_Sode_D01 {
          

          FrameTransformMatrix relative {
           1.000000,-0.000010,-0.000002,0.000000,0.000010,1.000000,0.000047,0.000000,0.000002,-0.000047,1.000000,0.000000,-10.183472,0.000296,0.000118,1.000000;;
          }

          ObjectMatrixComment object {
           1.000000,0.000000,-0.000000,0.000000,0.000000,1.000000,0.000000,0.000000,0.000000,-0.000000,1.000000,0.000000,0.000004,-0.000000,0.000000,1.000000;;
          }
         }
        }

        Frame J_R_Sode_C00 {
         

         FrameTransformMatrix relative {
          0.979708,-0.200185,-0.009959,0.000000,0.199977,0.979621,-0.018752,0.000000,0.013510,0.016380,0.999775,0.000000,-1.254316,3.626201,-0.590572,1.000000;;
         }

         ObjectMatrixComment object {
          1.000000,0.000000,0.000000,0.000000,0.000000,1.000000,0.000000,0.000000,0.000000,0.000000,1.000000,0.000000,-0.000002,0.000000,0.000004,1.000000;;
         }

         Frame J_R_Sode_C01 {
          

          FrameTransformMatrix relative {
           1.000000,0.000000,-0.000009,0.000000,0.000000,1.000000,0.000048,0.000000,0.000009,-0.000048,1.000000,0.000000,-10.796967,0.000033,0.000278,1.000000;;
          }

          ObjectMatrixComment object {
           1.000000,-0.000000,0.000000,0.000000,0.000000,1.000000,0.000000,0.000000,-0.000000,-0.000000,1.000000,0.000000,-0.000002,0.000000,0.000000,1.000000;;
          }
         }
        }

        Frame J_R_Sode_B00 {
         

         FrameTransformMatrix relative {
          0.944032,-0.049975,-0.326045,0.000000,0.047001,0.998750,-0.016997,0.000000,0.326487,0.000722,0.945202,0.000000,-1.070164,0.085138,2.043190,1.000000;;
         }

         ObjectMatrixComment object {
          1.000000,0.000000,0.000000,0.000000,0.000000,1.000000,0.000000,0.000000,-0.000000,0.000000,1.000000,0.000000,-0.000002,-0.000000,0.000004,1.000000;;
         }

         Frame J_R_Sode_B01 {
          

          FrameTransformMatrix relative {
           1.000000,0.000015,-0.000001,0.000000,-0.000015,1.000000,0.000046,0.000000,0.000001,-0.000046,1.000000,0.000000,-11.148703,-0.000262,0.000118,1.000000;;
          }

          ObjectMatrixComment object {
           1.000000,0.000000,-0.000000,0.000000,0.000000,1.000000,0.000000,0.000000,-0.000000,0.000000,1.000000,0.000000,-0.000002,0.000000,-0.000008,1.000000;;
          }
         }
        }
       }

       Frame J_R_Arm_00_tw {
        

        FrameTransformMatrix relative {
         1.000000,0.000001,0.000173,0.000000,0.000006,0.999232,-0.039174,0.000000,-0.000173,0.039174,0.999233,0.000000,0.061836,0.000034,0.002899,1.000000;;
        }

        ObjectMatrixComment object {
         1.000000,0.000000,-0.000000,0.000000,0.000000,1.000000,0.000000,0.000000,-0.000000,0.000000,1.000000,0.000000,0.000000,0.000000,-0.000004,1.000000;;
        }

        Frame J_R_Sode_E00 {
         

         FrameTransformMatrix relative {
          1.000000,0.000000,0.000003,0.000000,-0.000000,0.999990,0.004461,0.000000,-0.000003,-0.004461,0.999990,0.000000,-2.375816,0.000000,0.000103,1.000000;;
         }

         ObjectMatrixComment object {
          1.000000,0.000000,0.000000,0.000000,-0.000000,1.000000,0.000000,0.000000,0.000000,0.000000,1.000000,0.000000,-0.000002,0.000000,0.000004,1.000000;;
         }
        }
       }
      }
     }

     Frame Character1_Neck {
      

      FrameTransformMatrix relative {
       1.000000,0.000000,0.000000,0.000000,0.000000,1.000000,0.000000,0.000000,0.000000,0.000000,1.000000,0.000000,0.000000,4.726717,13.308441,1.000000;;
      }

      ObjectMatrixComment object {
       1.000000,0.000000,0.000000,0.000000,0.000000,1.000000,0.000000,0.000000,0.000000,0.000000,1.000000,0.000000,0.000000,0.000000,0.000000,1.000000;;
      }

      Frame Character1_Head {
       

       FrameTransformMatrix relative {
        1.000000,0.000000,0.000000,0.000000,0.000000,1.000000,0.000000,0.000000,0.000000,0.000000,1.000000,0.000000,0.000000,-0.804217,3.046864,1.000000;;
       }

       ObjectMatrixComment object {
        1.000000,0.000000,0.000000,0.000000,0.000000,1.000000,0.000000,0.000000,0.000000,0.000000,1.000000,0.000000,0.000000,0.000000,0.000000,1.000000;;
       }

       Frame J_L_HeadRibbon_00 {
        

        FrameTransformMatrix relative {
         0.834400,-0.049529,-0.548930,0.000000,-0.234382,0.869527,-0.434727,0.000000,0.498841,0.491396,0.713925,0.000000,7.951540,-6.875422,31.364061,1.000000;;
        }

        ObjectMatrixComment object {
         1.000000,0.000000,0.000000,0.000000,0.000000,1.000000,0.000000,0.000000,-0.000000,-0.000000,1.000000,0.000000,0.000000,-0.000004,0.000008,1.000000;;
        }

        Frame J_L_HeadRibbon_01 {
         

         FrameTransformMatrix relative {
          0.949003,-0.314341,0.024135,0.000000,-0.107092,-0.393421,-0.913100,0.000000,0.296520,0.863950,-0.407022,0.000000,-0.000004,-0.000015,24.783699,1.000000;;
         }

         ObjectMatrixComment object {
          1.000000,-0.000000,-0.000000,0.000000,0.000000,1.000000,0.000000,0.000000,0.000000,0.000000,1.000000,0.000000,-0.000002,0.000000,0.000008,1.000000;;
         }

         Frame J_L_HeadRibbon_02 {
          

          FrameTransformMatrix relative {
           0.990314,0.137876,-0.016374,0.000000,0.009667,0.049176,0.998743,0.000000,0.138508,-0.989228,0.047367,0.000000,-0.000002,0.000019,13.667938,1.000000;;
          }

          ObjectMatrixComment object {
           1.000000,0.000000,0.000000,0.000000,-0.000000,1.000000,-0.000000,0.000000,0.000000,0.000000,1.000000,0.000000,0.000004,-0.000008,0.000004,1.000000;;
          }

          Frame J_L_HeadRibbon_03 {
           

           FrameTransformMatrix relative {
            1.000000,0.000000,0.000000,0.000000,-0.000000,1.000000,-0.000000,0.000000,0.000000,0.000000,1.000000,0.000000,0.000015,-0.000023,16.675662,1.000000;;
           }

           ObjectMatrixComment object {
            1.000000,0.000000,-0.000000,0.000000,0.000000,1.000000,-0.000000,0.000000,-0.000000,0.000000,1.000000,0.000000,0.000000,0.000008,0.000000,1.000000;;
           }
          }
         }
        }
       }

       Frame J_R_HeadRibbon_00 {
        

        FrameTransformMatrix relative {
         0.834400,0.049529,0.548930,0.000000,0.234382,0.869527,-0.434728,0.000000,-0.498840,0.491396,0.713924,0.000000,-7.951540,-6.875422,31.363952,1.000000;;
        }

        ObjectMatrixComment object {
         1.000000,0.000000,0.000000,0.000000,-0.000000,1.000000,-0.000000,0.000000,0.000000,0.000000,1.000000,0.000000,-0.000008,0.000000,-0.000008,1.000000;;
        }

        Frame J_R_HeadRibbon_01 {
         

         FrameTransformMatrix relative {
          0.949003,0.314341,-0.024136,0.000000,0.107090,-0.393417,-0.913102,0.000000,-0.296521,0.863952,-0.407017,0.000000,0.000107,-0.000099,24.783776,1.000000;;
         }

         ObjectMatrixComment object {
          1.000000,0.000000,0.000000,0.000000,-0.000000,1.000000,0.000000,0.000000,0.000000,0.000000,1.000000,0.000000,0.000002,0.000000,-0.000008,1.000000;;
         }

         Frame J_R_HeadRibbon_02 {
          

          FrameTransformMatrix relative {
           0.990314,-0.137877,0.016374,0.000000,-0.009666,0.049180,0.998743,0.000000,-0.138509,-0.989228,0.047371,0.000000,-0.000076,0.000134,13.668045,1.000000;;
          }

          ObjectMatrixComment object {
           1.000000,0.000000,0.000000,0.000000,-0.000000,1.000000,-0.000000,0.000000,0.000000,0.000000,1.000000,0.000000,-0.000008,0.000008,-0.000004,1.000000;;
          }

          Frame J_R_HeadRibbon_03 {
           

           FrameTransformMatrix relative {
            1.000000,0.000002,-0.000001,0.000000,-0.000002,1.000000,0.000002,0.000000,0.000001,-0.000002,1.000000,0.000000,0.000095,-0.000092,16.675778,1.000000;;
           }

           ObjectMatrixComment object {
            1.000000,-0.000000,-0.000000,0.000000,-0.000000,1.000000,0.000000,0.000000,0.000000,-0.000000,1.000000,0.000000,0.000004,-0.000015,-0.000008,1.000000;;
           }
          }
         }
        }
       }

       Frame bone_eye_L {
        

        FrameTransformMatrix relative {
         1.000000,0.000000,0.000000,0.000000,0.000000,1.000000,0.000000,0.000000,0.000000,0.000000,1.000000,0.000000,2.689332,4.649828,10.205612,1.000000;;
        }

        ObjectMatrixComment object {
         1.000000,0.000000,0.000000,0.000000,0.000000,1.000000,0.000000,0.000000,0.000000,0.000000,1.000000,0.000000,0.000000,0.000000,0.000000,1.000000;;
        }
       }

       Frame bone_eye_R {
        

        FrameTransformMatrix relative {
         1.000000,0.000000,0.000000,0.000000,0.000000,1.000000,0.000000,0.000000,0.000000,0.000000,1.000000,0.000000,-2.689329,4.649831,10.205597,1.000000;;
        }

        ObjectMatrixComment object {
         1.000000,0.000000,0.000000,0.000000,0.000000,1.000000,0.000000,0.000000,0.000000,0.000000,1.000000,0.000000,0.000000,0.000000,0.000000,1.000000;;
        }
       }

       Frame J_L_HairTail_00 {
        

        FrameTransformMatrix relative {
         0.920104,-0.332263,0.207389,0.000000,0.168219,0.813402,0.556848,0.000000,-0.353710,-0.477471,0.804308,0.000000,8.453446,12.091130,7.472458,1.000000;;
        }

        ObjectMatrixComment object {
         1.000000,0.000000,0.000000,0.000000,0.000000,1.000000,-0.000000,0.000000,-0.000000,0.000000,1.000000,0.000000,0.000000,0.000004,0.000000,1.000000;;
        }

        Frame J_L_HairTail_01 {
         

         FrameTransformMatrix relative {
          1.000000,0.000000,0.000000,0.000000,0.000000,1.000000,-0.000000,0.000000,-0.000000,0.000000,1.000000,0.000000,-0.000004,-0.000008,-19.820912,1.000000;;
         }

         ObjectMatrixComment object {
          1.000000,0.000000,0.000000,0.000000,0.000000,1.000000,-0.000000,0.000000,-0.000000,0.000000,1.000000,0.000000,-0.000002,-0.000004,0.000000,1.000000;;
         }

         Frame J_L_HairTail_02 {
          

          FrameTransformMatrix relative {
           1.000000,0.000000,0.000000,0.000000,0.000000,1.000000,-0.000000,0.000000,-0.000000,0.000000,1.000000,0.000000,0.000000,0.000008,-22.249173,1.000000;;
          }

          ObjectMatrixComment object {
           1.000000,0.000000,0.000000,0.000000,0.000000,1.000000,-0.000000,0.000000,-0.000000,0.000000,1.000000,0.000000,0.000004,0.000000,0.000001,1.000000;;
          }

          Frame J_L_HairTail_03 {
           

           FrameTransformMatrix relative {
            1.000000,0.000000,0.000000,0.000000,0.000000,1.000000,-0.000000,0.000000,0.000000,0.000000,1.000000,0.000000,0.000000,0.000000,-17.191944,1.000000;;
           }

           ObjectMatrixComment object {
            1.000000,0.000000,0.000000,0.000000,0.000000,1.000000,0.000000,0.000000,0.000000,0.000000,1.000000,0.000000,0.000000,-0.000004,-0.000002,1.000000;;
           }
          }
         }
        }
       }

       Frame J_R_HairTail_00 {
        

        FrameTransformMatrix relative {
         0.920104,0.332263,-0.207389,0.000000,-0.168219,0.813402,0.556848,0.000000,0.353710,-0.477471,0.804308,0.000000,-8.453457,12.091122,7.472336,1.000000;;
        }

        ObjectMatrixComment object {
         1.000000,0.000000,-0.000000,0.000000,-0.000000,1.000000,-0.000000,0.000000,0.000000,0.000000,1.000000,0.000000,0.000000,0.000000,0.000004,1.000000;;
        }

        Frame J_R_HairTail_01 {
         

         FrameTransformMatrix relative {
          1.000000,0.000000,-0.000000,0.000000,-0.000000,1.000000,-0.000000,0.000000,0.000000,0.000000,1.000000,0.000000,0.000006,0.000095,-19.820795,1.000000;;
         }

         ObjectMatrixComment object {
          1.000000,0.000000,-0.000000,0.000000,-0.000000,1.000000,-0.000000,0.000000,0.000000,0.000000,1.000000,0.000000,0.000000,0.000000,-0.000004,1.000000;;
         }

         Frame J_R_HairTail_02 {
          

          FrameTransformMatrix relative {
           1.000000,0.000000,-0.000000,0.000000,-0.000000,1.000000,-0.000000,0.000000,0.000000,0.000000,1.000000,0.000000,0.000044,-0.000050,-22.249264,1.000000;;
          }

          ObjectMatrixComment object {
           1.000000,0.000000,-0.000000,0.000000,-0.000000,1.000000,-0.000000,0.000000,0.000000,0.000000,1.000000,0.000000,0.000000,0.000004,-0.000003,1.000000;;
          }

          Frame J_R_HairTail_03 {
           

           FrameTransformMatrix relative {
            1.000000,0.000000,-0.000000,0.000000,-0.000000,1.000000,-0.000000,0.000000,0.000000,0.000000,1.000000,0.000000,0.000002,-0.000008,-17.191936,1.000000;;
           }

           ObjectMatrixComment object {
            1.000000,0.000000,-0.000000,0.000000,0.000000,1.000000,-0.000000,0.000000,0.000000,-0.000000,1.000000,0.000000,-0.000004,0.000000,-0.000002,1.000000;;
           }
          }
         }
        }
       }

       Frame J_L_HairSide_00 {
        

        FrameTransformMatrix relative {
         0.605948,0.194939,-0.771250,0.000000,-0.138051,0.980568,0.139383,0.000000,0.783434,0.022013,0.621085,0.000000,7.298515,-9.341250,27.946138,1.000000;;
        }

        ObjectMatrixComment object {
         1.000000,0.000000,-0.000000,0.000000,0.000000,1.000000,0.000000,0.000000,-0.000000,0.000000,1.000000,0.000000,0.000008,-0.000002,0.000000,1.000000;;
        }

        Frame J_L_HairSide_01 {
         

         FrameTransformMatrix relative {
          0.761422,0.138758,-0.633233,0.000000,-0.099056,0.990256,0.097882,0.000000,0.640644,-0.011803,0.767747,0.000000,12.410923,0.000003,-0.000031,1.000000;;
         }

         ObjectMatrixComment object {
          1.000000,0.000000,0.000000,0.000000,0.000000,1.000000,0.000000,0.000000,0.000000,0.000000,1.000000,0.000000,0.000000,0.000007,-0.000002,1.000000;;
         }

         Frame J_L_HairSide_02 {
          

          FrameTransformMatrix relative {
           1.000000,0.000000,-0.000000,0.000000,-0.000000,1.000000,0.000000,0.000000,0.000000,-0.000000,1.000000,0.000000,17.118462,0.000006,0.000023,1.000000;;
          }

          ObjectMatrixComment object {
           1.000000,0.000000,0.000000,0.000000,0.000000,1.000000,0.000000,0.000000,0.000000,0.000000,1.000000,0.000000,0.000000,0.000000,0.000000,1.000000;;
          }
         }
        }
       }

       Frame J_R_HairSide_00 {
        

        FrameTransformMatrix relative {
         0.605947,-0.194938,0.771250,0.000000,0.138050,0.980569,0.139383,0.000000,-0.783435,0.022012,0.621084,0.000000,-7.298514,-9.341254,27.946243,1.000000;;
        }

        ObjectMatrixComment object {
         1.000000,0.000000,-0.000000,0.000000,0.000000,1.000000,-0.000000,0.000000,-0.000000,0.000000,1.000000,0.000000,0.000000,0.000000,0.000008,1.000000;;
        }

        Frame J_R_HairSide_01 {
         

         FrameTransformMatrix relative {
          0.761422,-0.138758,0.633232,0.000000,0.099057,0.990256,0.097881,0.000000,-0.640644,-0.011803,0.767748,0.000000,-12.411087,-0.000016,-0.000099,1.000000;;
         }

         ObjectMatrixComment object {
          1.000000,0.000000,0.000000,0.000000,-0.000000,1.000000,0.000000,0.000000,0.000000,0.000000,1.000000,0.000000,0.000008,0.000003,0.000000,1.000000;;
         }

         Frame J_R_HairSide_02 {
          

          FrameTransformMatrix relative {
           1.000000,-0.000000,0.000000,0.000000,0.000000,1.000000,-0.000001,0.000000,-0.000000,0.000001,1.000000,0.000000,-17.118454,0.000001,-0.000016,1.000000;;
          }

          ObjectMatrixComment object {
           1.000000,0.000000,0.000000,0.000000,0.000000,1.000000,-0.000000,0.000000,-0.000000,-0.000000,1.000000,0.000000,0.000000,-0.000002,-0.000001,1.000000;;
          }
         }
        }
       }

       Frame J_L_HairFront_00 {
        

        FrameTransformMatrix relative {
         0.999667,-0.005840,0.025135,0.000000,0.007482,0.997810,-0.065723,0.000000,-0.024696,0.065889,0.997521,0.000000,-0.047762,-10.220733,28.018035,1.000000;;
        }

        ObjectMatrixComment object {
         1.000000,0.000000,-0.000000,0.000000,0.000000,1.000000,0.000000,0.000000,0.000000,0.000000,1.000000,0.000000,0.000000,0.000002,0.000008,1.000000;;
        }

        Frame J_L_HairFront_01 {
         

         FrameTransformMatrix relative {
          0.999667,0.007482,-0.024697,0.000000,0.000000,0.957050,0.289923,0.000000,0.025806,-0.289826,0.956731,0.000000,0.000000,0.000002,-18.115318,1.000000;;
         }

         ObjectMatrixComment object {
          1.000000,0.000000,0.000000,0.000000,0.000000,1.000000,0.000000,0.000000,-0.000000,0.000000,1.000000,0.000000,0.000000,0.000000,0.000000,1.000000;;
         }
        }
       }

       Frame J_R_HairFront_00 {
        

        FrameTransformMatrix relative {
         0.988937,-0.015950,-0.147478,0.000000,-0.003916,0.991049,-0.133440,0.000000,0.148286,0.132541,0.980022,0.000000,-1.439927,-9.940758,28.018035,1.000000;;
        }

        ObjectMatrixComment object {
         1.000000,0.000000,-0.000000,0.000000,0.000000,1.000000,0.000000,0.000000,-0.000000,0.000000,1.000000,0.000000,0.000001,0.000000,-0.000015,1.000000;;
        }

        Frame J_R_HairFront_01 {
         

         FrameTransformMatrix relative {
          0.999667,0.007482,-0.024697,0.000000,0.000000,0.957050,0.289923,0.000000,0.025806,-0.289826,0.956732,0.000000,0.000003,-0.000002,-18.115326,1.000000;;
         }

         ObjectMatrixComment object {
          1.000000,0.000000,0.000000,0.000000,-0.000000,1.000000,0.000000,0.000000,-0.000000,0.000000,1.000000,0.000000,0.000000,0.000001,0.000008,1.000000;;
         }
        }
       }

       Frame J_L_HairSide2_00 {
        

        FrameTransformMatrix relative {
         1.000000,0.000000,0.000000,0.000000,0.000000,1.000000,0.000000,0.000000,0.000000,0.000000,1.000000,0.000000,13.977990,-3.265358,14.276138,1.000000;;
        }

        ObjectMatrixComment object {
         1.000000,0.000000,0.000000,0.000000,0.000000,1.000000,0.000000,0.000000,0.000000,0.000000,1.000000,0.000000,0.000000,0.000000,0.000000,1.000000;;
        }

        Frame J_L_HairSide2_01 {
         

         FrameTransformMatrix relative {
          1.000000,0.000000,0.000000,0.000000,0.000000,1.000000,0.000000,0.000000,0.000000,0.000000,1.000000,0.000000,0.000000,-0.000000,-7.184120,1.000000;;
         }

         ObjectMatrixComment object {
          1.000000,0.000000,0.000000,0.000000,0.000000,1.000000,0.000000,0.000000,0.000000,0.000000,1.000000,0.000000,0.000000,0.000000,0.000000,1.000000;;
         }
        }
       }

       Frame J_R_HairSide2_00 {
        

        FrameTransformMatrix relative {
         1.000000,0.000000,0.000000,0.000000,0.000000,1.000000,0.000000,0.000000,0.000000,0.000000,1.000000,0.000000,-13.977984,-3.265352,14.276077,1.000000;;
        }

        ObjectMatrixComment object {
         1.000000,0.000000,0.000000,0.000000,0.000000,1.000000,0.000000,0.000000,0.000000,0.000000,1.000000,0.000000,0.000000,0.000000,0.000000,1.000000;;
        }

        Frame J_R_HairSide2_01 {
         

         FrameTransformMatrix relative {
          1.000000,0.000000,0.000000,0.000000,0.000000,1.000000,0.000000,0.000000,0.000000,0.000000,1.000000,0.000000,0.000000,-0.000000,-7.184120,1.000000;;
         }

         ObjectMatrixComment object {
          1.000000,0.000000,0.000000,0.000000,0.000000,1.000000,0.000000,0.000000,0.000000,0.000000,1.000000,0.000000,0.000000,0.000000,0.000000,1.000000;;
         }
        }
       }

       Frame _face {
        

        FrameTransformMatrix relative {
         1.000000,0.000000,0.000000,0.000000,0.000000,-0.000000,1.000000,0.000000,0.000000,-1.000000,-0.000000,0.000000,0.000000,0.991810,-66.723738,1.000000;;
        }

        ObjectMatrixComment object {
         1.000000,0.000000,0.000000,0.000000,0.000000,1.000000,0.000000,0.000000,0.000000,0.000000,1.000000,0.000000,0.000000,0.000008,0.000002,1.000000;;
        }

        Mesh mesh__ {
         1217;
         1.372078;64.620646;6.727703;,
         1.633850;64.792032;7.155460;,
         0.808553;64.588659;7.487944;,
         0.716594;64.426323;7.070731;,
         0.000000;64.661952;8.015346;,
         0.000000;64.379642;7.770775;,
         0.383472;64.442368;7.671990;,
         0.336691;64.695552;7.904857;,
         9.048237;69.342086;1.837606;,
         10.166694;70.435392;3.348331;,
         9.745218;69.461907;3.525841;,
         0.961721;70.300736;10.774631;,
         0.149721;70.591264;11.357534;,
         0.437423;69.185088;10.921862;,
         0.000000;69.185286;11.014084;,
         0.000000;83.744762;11.094778;,
         3.254156;80.903635;10.403258;,
         3.758479;83.717613;10.601986;,
         0.000000;73.631891;9.500417;,
         0.000000;72.771117;9.650742;,
         1.090008;73.497491;9.084420;,
         9.765798;71.185523;0.925203;,
         11.061814;73.486170;0.785588;,
         10.992654;72.376186;3.034369;,
         6.188413;71.427155;7.441590;,
         6.194828;71.699430;7.312432;,
         5.109641;71.589805;7.747646;,
         1.696259;65.013619;7.414030;,
         0.858387;64.809050;7.696835;,
         7.431712;69.226477;7.941803;,
         5.972023;68.220384;8.453268;,
         7.240865;68.079398;7.720134;,
         0.168713;70.975654;11.215314;,
         0.482779;71.360595;10.219397;,
         0.000000;71.504486;10.267183;,
         0.000000;71.028531;11.270769;,
         10.564590;72.062080;5.058627;,
         10.600238;71.590701;3.164174;,
         9.689782;69.401267;5.476190;,
         9.220611;68.481574;3.743239;,
         0.000000;70.593312;11.398751;,
         4.758406;65.465421;5.294416;,
         6.310890;66.132979;5.263963;,
         5.045021;65.675309;6.112166;,
         4.639728;66.732179;8.065177;,
         3.041595;66.301107;8.004658;,
         4.227374;66.021798;7.490690;,
         5.787753;67.277350;8.026141;,
         5.549014;66.491571;7.407198;,
         7.001478;66.597216;3.300157;,
         8.452919;67.506541;4.092135;,
         7.505961;66.708563;4.628024;,
         0.418274;66.217222;8.792854;,
         0.393076;66.411603;8.690782;,
         0.000000;66.386963;8.765157;,
         0.000000;66.180838;8.904541;,
         0.151735;70.811814;11.314608;,
         0.000000;70.818970;11.383113;,
         3.037050;70.846086;9.124398;,
         1.990540;70.062675;10.232354;,
         3.302849;69.806963;9.676398;,
         2.020469;69.068762;10.400444;,
         3.230013;68.871514;9.834404;,
         1.069504;69.167123;10.772906;,
         0.427641;66.430995;9.204042;,
         0.432331;66.530778;9.334761;,
         0.000000;66.495834;9.413481;,
         0.000000;66.398470;9.266314;,
         0.926475;67.052301;9.475254;,
         0.833479;66.561203;9.169914;,
         1.172670;66.616704;8.954306;,
